554.474,17.6797
554.474,17.6797
554.474,17.6797
530.886,13.6847
517.375,14.2801
477.611,14.4982
477.611,14.4982
394.259,11.9764
394.259,11.9764
394.259,11.9764
371.109,14.2744
371.109,14.2744
371.109,14.2744
371.109,14.2744
371.109,14.2744
371.109,14.2744
371.109,14.2744
371.109,14.2744
371.109,14.2744
371.109,14.2744
371.109,14.2744
371.109,14.2744
371.109,14.2744
371.109,14.2744
371.109,14.2744
371.109,14.2744
371.109,14.2744
371.109,14.2744
371.109,14.2744
371.109,14.2744
371.109,14.2744
371.109,14.2744
371.109,14.2744
371.109,14.2744
371.109,14.2744
371.109,14.2744
371.109,14.2744
371.109,14.2744
371.109,14.2744
371.109,14.2744
371.109,14.2744
371.109,14.2744
371.109,14.2744
371.109,14.2744
371.109,14.2744
371.109,14.2744
351.51,8.56662
351.51,8.56662
351.51,8.56662
351.51,8.56662
351.51,8.56662
351.51,8.56662
351.51,8.56662
351.51,8.56662
351.51,8.56662
351.51,8.56662
351.51,8.56662
351.51,8.56662
351.51,8.56662
351.51,8.56662
351.51,8.56662
351.51,8.56662
351.51,8.56662
351.51,8.56662
351.51,8.56662
351.51,8.56662
351.51,8.56662
351.51,8.56662
351.51,8.56662
351.51,8.56662
351.51,8.56662
351.51,8.56662
349.525,9.71126
349.525,9.71126
349.525,9.71126
349.525,9.71126
349.525,9.71126
349.525,9.71126
349.525,9.71126
349.525,9.71126
349.525,9.71126
349.525,9.71126
349.525,9.71126
349.525,9.71126
349.525,9.71126
349.525,9.71126
349.525,9.71126
349.525,9.71126
349.525,9.71126
349.525,9.71126
349.525,9.71126
349.525,9.71126
349.525,9.71126
349.525,9.71126
349.525,9.71126
349.525,9.71126
349.525,9.71126
349.525,9.71126
349.525,9.71126
349.525,9.71126
